!CAdapterSteamFriends002:000000000003AEC4
4
8
4
8
8
+16
12
12
12
20
16
28
16
12
12
16
4
4
28
24
4
4
12
4
+12
12
20
16
12
+20
!CAdapterSteamFriends003:000000000003AF44
4
8
4
8
+16
12
12
12
12
28
16
16
4
+12
12
12
+20
20
16
8
!CAdapterSteamFriends004:000000000003AFA4
4
8
4
8
+16
12
12
12
16
28
16
16
4
+12
12
12
+20
20
16
8
!CAdapterSteamFriends005:000000000003B004
4
8
4
8
+16
12
12
12
16
16
16
16
4
+12
12
12
+20
20
16
8
16
8
8
12
!CAdapterSteamFriends006:000000000003B084
4
8
4
8
+16
12
12
12
16
16
16
16
4
+12
12
12
12
+20
20
16
8
16
8
8
12
12
!CAdapterSteamFriends007:000000000003B104
4
8
4
8
+16
12
12
12
16
16
16
4
+12
12
12
12
+20
20
16
8
16
8
8
12
12
12
12
12
16
!CAdapterSteamFriends008:000000000003B184
4
8
4
8
+16
12
12
12
16
16
16
4
+12
12
12
12
+20
20
16
8
16
8
8
12
12
12
12
12
16
12
+16
12
+20
4
!CAdapterSteamFriends009:000000000003B224
4
8
4
8
+16
12
12
12
16
16
16
4
+12
12
12
12
+20
20
16
8
16
8
8
12
12
12
12
12
16
12
+16
12
+20
4
12
4
16
12
16
16
4
+12
12
12
!CAdapterSteamFriends010:000000000003B2E4
4
8
4
8
+16
12
12
12
16
16
16
4
+12
12
12
24
12
12
+20
20
16
8
16
8
8
12
12
12
12
12
16
12
+16
12
+20
4
12
4
16
12
16
16
4
+12
12
12
12
12
12
+20
16
32
20
12
12
12
8
16
28
!CAdapterSteamFriends011:000000000003B3E4
4
8
4
8
+16
12
12
12
16
16
16
4
+12
12
12
24
12
12
+20
20
16
8
16
8
8
12
12
12
12
12
16
12
+16
12
+20
4
12
4
16
12
16
12
16
4
+12
12
12
12
12
12
+20
16
32
20
12
12
12
8
16
28
12
12
8
!CAdapterSteamFriends012:000000000003B504
4
8
4
8
+16
12
12
12
16
16
16
4
+12
12
12
24
12
12
+20
20
16
8
16
8
8
12
12
12
12
12
16
12
+16
12
+20
4
12
4
16
12
16
12
16
4
+12
12
12
12
12
12
+20
16
32
20
12
12
12
8
16
28
12
12
8
!CAdapterSteamFriends013:000000000003B624
4
8
4
8
+16
12
12
12
16
16
16
4
+12
12
12
24
12
12
+20
20
16
8
16
8
12
12
12
12
12
12
16
12
+16
12
+20
4
12
4
16
12
16
12
16
4
+12
12
12
12
12
12
+20
16
32
20
12
12
12
8
16
28
12
12
8
!CAdapterSteamFriends014:000000000003B744
4
8
4
8
+16
12
12
12
16
16
12
16
4
+12
12
12
24
12
12
+20
20
16
8
16
8
12
12
12
12
12
12
16
12
+16
12
+20
4
12
4
16
12
16
12
16
4
+12
12
12
12
12
12
+20
16
32
20
12
12
12
8
16
28
12
12
8
!CAdapterSteamFriends015:000000000003B864
4
8
4
8
+16
12
12
12
16
16
12
12
4
8
8
8
16
16
4
+12
12
12
24
12
12
+20
20
16
8
16
8
12
12
12
12
12
12
16
12
+16
12
+20
4
12
4
16
12
16
12
16
4
+12
12
12
12
12
12
+20
16
32
20
12
12
12
8
16
28
12
12
8
12
12
!CAdapterSteamBilling002:000000000003B9A4
4
4
4
4
4
4
4
4
4
4
4
4
4
4
4
4
4
4
4
4
4
4
4
4
4
4
4
4
4
4
4
4
4
4
4
4
4
4
4
4
4
4
4
!CAdapterSteamUtils001:000000000003BA64
4
4
4
4
4
16
16
!CAdapterSteamUtils002:000000000003BAA4
4
4
4
4
4
16
16
12
4
4
8
!CAdapterSteamUtils003:000000000003BAE4
4
4
4
4
4
16
16
12
4
4
8
16
12
28
4
4
8
!CAdapterSteamUtils004:000000000003BB44
4
4
4
4
4
16
16
12
4
4
8
16
12
28
4
4
8
4
!CAdapterSteamUtils005:000000000003BBA4
4
4
4
4
4
16
16
12
4
4
8
16
12
28
4
4
8
4
4
8
20
4
12
!CAdapterSteamUtils006:000000000003BC24
4
4
4
4
4
16
16
12
4
4
8
16
12
28
4
4
8
4
4
8
20
4
12
4
4
!CAdapterSteamUtils007:000000000003BCA4
4
4
4
4
4
16
16
12
4
4
8
16
12
28
4
4
8
4
4
8
24
4
12
4
4
12
4
!CAdapterSteamUtils008:000000000003BD24
4
4
4
4
4
16
16
12
4
4
8
16
12
28
4
4
8
4
4
8
24
4
12
4
4
12
4
4
!CAdapterSteamUtils009:000000000003BDA4
4
4
4
4
4
16
16
12
4
4
8
16
12
28
4
4
8
4
4
8
24
4
12
4
4
12
4
4
4
8
!CAdapterSteamGameServer002:000000000003BE24
4
4
4
8
16
32
24
8
16
4
44
24
4
+8
28
40
28
8
20
8
8
!CAdapterSteamGameServer003:000000000003BE84
4
4
4
4
+8
16
24
8
16
8
40
28
8
20
8
8
16
!CAdapterSteamGameServer004:000000000003BEE4
4
4
4
4
+8
24
+8
12
20
40
28
8
8
16
!CAdapterSteamGameServer005:000000000003BF24
4
4
4
4
+8
20
+8
12
20
36
28
8
8
16
4
!CAdapterSteamGameServer006:000000000003BF84
4
4
4
4
+8
20
+8
12
20
36
28
8
8
16
4
!CAdapterSteamGameServer007:000000000003BFE4
4
4
4
4
+8
20
+8
12
20
36
28
8
8
16
4
20
!CAdapterSteamGameServer008:000000000003C044
4
4
4
4
+8
20
+8
12
20
36
28
8
8
16
4
20
4
!CAdapterSteamGameServer009:000000000003C0A4
4
4
4
4
+8
20
+8
12
20
36
28
8
8
16
4
20
4
8
16
!CAdapterSteamGameServer010:000000000003C104
4
4
4
4
+8
20
+8
12
20
36
28
8
8
4
4
20
4
8
16
16
20
12
8
!CAdapterSteamGameServer011:000000000003C184
28
8
8
8
8
12
4
4
4
4
+8
4
8
8
8
8
8
8
8
4
12
8
8
8
20
+8
12
20
16
20
12
8
16
20
4
4
4
20
20
8
8
4
12
12
!CAdapterSteamGameServer012:000000000003C244
28
8
8
8
8
8
4
4
4
4
+8
4
8
8
8
8
8
8
8
4
12
8
8
8
20
+8
12
20
16
20
12
8
16
20
4
4
4
20
20
8
8
4
12
12
!CAdapterSteamMatchmaking001:000000000003C304
4
28
24
20
32
28
24
4
+12
16
12
12
20
12
+20
4
4
4
4
4
4
4
!CAdapterSteamMatchmaking002:000000000003C364
4
32
28
24
4
+12
8
12
12
20
12
+20
16
20
24
20
20
32
12
28
!CAdapterSteamMatchmaking003:000000000003C3C4
4
32
28
24
4
12
16
4
+12
8
12
12
20
12
+20
16
20
24
20
20
32
12
28
24
16
12
4
4
!CAdapterSteamMatchmaking004:000000000003C444
4
32
28
24
4
12
16
4
+12
8
12
12
20
12
+20
16
20
24
20
20
32
12
28
24
16
12
4
!CAdapterSteamMatchmaking005:000000000003C4C4
4
32
28
24
4
12
16
4
12
+12
8
12
12
20
12
+20
16
20
24
20
20
32
12
28
24
16
12
4
16
+16
4
!CAdapterSteamMatchmaking006:000000000003C564
4
32
28
24
4
12
16
12
+12
8
12
12
20
12
+20
16
20
24
20
20
32
12
28
24
16
12
16
+16
!CAdapterSteamMatchmaking007:000000000003C5E4
4
32
28
24
4
16
16
12
8
+12
12
12
12
20
12
+20
16
20
12
32
16
24
20
20
32
12
28
24
16
12
16
16
+16
20
!CAdapterSteamMatchmaking008:000000000003C684
4
32
28
24
4
16
16
12
8
8
8
+12
12
12
12
20
12
+20
16
20
12
32
16
24
20
20
32
12
28
24
16
12
16
16
+16
20
!CAdapterSteamMatchmaking009:000000000003C724
4
32
28
24
4
16
16
12
8
8
8
12
+12
12
12
12
20
12
+20
16
20
12
32
16
24
20
20
32
12
28
24
16
12
16
16
+16
20
20
!CAdapterSteamMatchmakingServers001:000000000003C7C4
20
12
20
20
20
20
12
8
8
8
8
12
16
16
16
8
!CAdapterSteamMatchmakingServers002:000000000003C824
20
12
20
20
20
20
8
12
8
8
8
8
12
16
16
16
8
!CAdapterSteamMasterServerUpdater001:000000000003C884
8
8
20
20
32
4
12
4
4
4
4
4
4
4
!CAdapterSteamUserStats001:000000000003C8C4
12
16
16
12
16
4
4
12
20
20
20
20
24
20
20
16
16
12
16
16
16
20
!CAdapterSteamUserStats002:000000000003C924
12
16
16
12
16
12
20
20
20
20
24
20
16
16
12
16
20
24
!CAdapterSteamUserStats003:000000000003C984
4
12
12
12
12
16
12
8
8
4
8
12
16
!CAdapterSteamUserStats004:000000000003C9C4
4
12
12
12
12
16
12
8
8
4
8
12
16
12
20
20
20
8
!CAdapterSteamUserStats005:000000000003CA24
4
12
12
12
12
16
12
8
8
4
8
12
16
12
20
20
20
8
16
8
12
12
12
12
24
28
24
!CAdapterSteamUserStats006:000000000003CAA4
4
12
12
12
12
16
12
8
8
4
8
12
16
12
20
20
20
8
16
8
12
12
12
12
24
28
28
4
!CAdapterSteamUserStats007:000000000003CB24
4
12
12
12
12
16
12
8
8
16
4
8
12
16
12
20
20
20
24
8
16
8
12
12
12
12
24
28
28
4
!CAdapterSteamUserStats008:000000000003CBA4
4
12
12
12
12
16
12
8
8
16
4
8
12
16
12
20
20
20
24
8
16
8
12
12
12
12
24
28
28
20
4
!CAdapterSteamUserStats009:000000000003CC44
4
12
12
12
12
16
12
8
8
16
4
8
12
16
12
20
20
20
24
8
16
8
12
12
12
12
24
20
28
28
20
4
!CAdapterSteamUserStats010:000000000003CCE4
4
12
12
12
12
16
12
8
8
16
4
8
12
16
12
20
20
20
24
8
16
8
12
12
12
12
24
20
28
28
20
4
4
20
24
12
8
12
12
16
16
!CAdapterSteamUserStats011:000000000003CDA4
4
12
12
12
12
16
12
8
8
16
4
8
12
16
4
8
12
20
20
20
24
8
16
8
12
12
12
12
24
20
28
28
20
4
4
20
24
12
8
12
12
16
16
!CAdapterSteamApps001:000000000003CE5C
20
!CAdapterSteamApps003:000000000003CE84
4
4
4
4
4
4
8
8
!CAdapterSteamApps004:000000000003CEC4
4
4
4
4
4
4
8
8
8
4
4
24
8
8
!CAdapterSteamApps005:000000000003CF04
4
4
4
4
4
4
8
8
8
4
4
24
8
8
8
12
8
12
16
8
!CAdapterSteamApps006:000000000003CF64
4
4
4
4
4
4
8
8
8
4
4
24
8
8
8
12
8
16
16
8
+8
8
16
!CAdapterSteamApps007:000000000003CFE4
4
4
4
4
4
4
8
8
8
4
4
24
8
8
8
12
8
16
16
8
+8
8
16
4
4
!CAdapterSteamApps008:000000000003D064
4
4
4
4
4
4
8
8
8
4
4
24
8
8
8
12
8
16
16
8
+8
8
16
4
4
8
!CAdapterSteamAppList001:000000000003D0D4
4
12
16
16
8
!CAdapterSteamRemoteStorage014:000000000003D104
16
16
16
16
20
8
8
8
12
8
20
12
12
8
8
8
8
8
4
12
12
4
4
8
16
20
28
28
4
8
36
12
16
16
16
16
16
16
12
16
12
8
12
8
12
16
12
16
12
24
40
16
12
28
20
!CAdapterSteamRemoteStorage012:000000000003D304
16
16
8
8
8
12
8
20
12
12
8
8
8
8
8
4
12
12
4
4
8
16
20
28
28
4
8
36
12
16
16
16
16
16
16
12
16
12
8
12
8
12
16
12
16
12
24
40
16
12
28
20
!CAdapterSteamRemoteStorage011:000000000003D3E4
16
16
8
8
8
12
8
20
12
12
8
8
8
8
8
4
12
12
4
4
8
16
20
28
24
4
8
36
12
16
16
16
16
16
16
12
16
12
8
12
8
12
16
12
16
12
24
40
16
12
28
20
!CAdapterSteamRemoteStorage010:000000000003D4C4
16
16
8
8
8
12
8
20
12
12
8
8
8
8
8
4
12
12
4
4
8
16
20
28
24
4
8
36
12
16
16
16
16
16
16
12
12
12
8
12
8
12
16
12
16
12
24
40
16
12
28
20
!CAdapterSteamRemoteStorage009:000000000003D5A4
16
16
8
8
8
12
8
20
12
12
8
8
8
8
8
4
12
12
4
4
8
12
20
28
24
4
8
36
12
16
16
16
16
16
16
12
12
12
8
12
8
12
16
12
16
12
24
40
16
12
28
!CAdapterSteamRemoteStorage008:000000000003D684
16
16
8
8
8
12
8
20
12
12
8
8
8
8
8
4
12
12
4
4
8
12
20
28
20
4
8
36
12
16
16
16
16
16
16
12
12
12
8
12
8
12
16
12
16
12
24
40
16
12
28
!CAdapterSteamRemoteStorage007:000000000003D764
16
16
8
8
8
12
8
8
8
8
8
4
12
12
4
4
8
12
20
28
20
4
8
36
12
16
16
16
16
16
16
12
12
12
8
12
8
12
16
12
16
12
24
40
16
12
28
!CAdapterSteamRemoteStorage006:000000000003D844
16
16
8
8
8
12
8
8
8
8
8
4
12
12
4
4
8
12
20
28
20
4
8
36
12
16
16
16
16
16
16
12
12
12
8
12
8
12
16
12
16
12
24
32
16
12
28
!CAdapterSteamRemoteStorage004:000000000003D9C4
16
16
8
8
8
12
8
8
8
8
8
4
12
12
4
4
8
12
28
20
4
8
!CAdapterSteamRemoteStorage003:000000000003DA24
16
16
8
8
8
8
8
8
8
4
12
12
4
4
8
12
28
20
4
8
!CAdapterSteamRemoteStorage002:000000000003DA84
16
8
16
8
4
12
12
!CAdapterSteamRemoteStorage001:000000000003DAC4
16
8
16
8
4
4
12
12
!CAdapterSteamScreenshots003:000000000003DB04
20
20
4
8
12
16
16
4
16
!CAdapterSteamScreenshots002:000000000003DB44
20
20
4
8
12
16
16
!CAdapterSteamScreenshots001:000000000003DB84
20
20
4
8
12
16
!CAdapterSteamMusic001:000000000003DBA4
4
4
4
4
4
4
4
8
4
!CAdapterSteamMusicRemote001:000000000003DBE4
8
4
4
8
8
12
8
8
8
8
8
8
8
8
8
8
4
8
8
8
12
4
4
4
16
8
4
4
4
16
8
4
!CAdapterSteamNetworking001:000000000003DC84
16
20
16
12
12
20
12
20
16
24
24
16
!CAdapterSteamNetworking002:000000000003DCC4
20
24
16
12
12
20
12
20
16
24
24
16
8
8
!CAdapterSteamNetworking003:000000000003DD04
24
8
20
12
12
16
20
24
16
12
12
20
12
20
16
24
24
16
8
8
!CAdapterSteamNetworking004:000000000003DD64
28
12
24
12
12
16
20
24
16
12
12
20
12
20
16
24
24
16
8
8
!CAdapterSteamNetworking005:000000000003DDC4
28
12
24
12
12
16
16
8
20
24
16
12
12
20
12
20
16
24
24
16
8
8
!CAdapterSteamGameCoordinator001:000000000003DE24
16
8
20
!CAdapterSteamGameServerStats001:000000000003DE44
12
20
20
20
20
20
24
16
16
12
!CAdapterSteamGameStats001:000000000003DE84
24
20
20
20
20
20
12
12
20
20
20
24
24
!CAdapterSteamAppTicket001:000000000003DEC4
32
!CAdapterSteamHTTP002:000000000003DEE4
12
16
12
16
16
12
12
8
8
16
20
12
16
20
8
12
20
8
8
20
12
12
12
12
12
!CAdapterSteamHTTP001:000000000003DF64
12
16
12
16
16
12
8
8
16
20
12
16
8
12
20
!CAdapterSteamUnifiedMessages001:000000000003DFAC
24
20
24
12
16
!CAdapterSteamController003:0000000000000000
!CAdapterSteamController004:000000000003E064
4
4
4
8
12
8
20
12
8
+24
32
8
+24
32
20
20
32
12
8
+4
4
4
!CAdapterSteamController005:000000000003E0C4
4
4
4
8
12
8
20
12
8
+24
32
8
+24
32
20
20
32
20
28
12
8
+4
4
4
8
8
!CAdapterSteamController006:000000000003E144
4
4
4
8
12
8
20
12
20
20
12
16
8
+24
32
8
+24
32
20
20
32
20
28
12
8
+4
4
4
8
8
12
!CAdapterSteamController001:000000000003E1E4
4
4
4
4
4
4
!CAdapterSteamHTMLSurface001:000000000003E204
4
4
4
4
12
8
16
16
8
8
8
8
16
12
12
12
12
16
12
16
16
16
12
12
12
8
8
8
20
8
16
12
12
12
!CAdapterSteamHTMLSurface002:000000000003E2A4
4
4
4
4
12
8
16
16
8
8
8
8
16
12
12
12
12
16
12
16
16
16
12
12
12
8
8
8
20
8
16
32
20
12
12
12
!CAdapterSteamHTMLSurface003:000000000003E344
4
4
4
4
12
8
16
16
8
8
8
8
16
12
12
12
12
16
12
16
16
16
12
12
12
8
8
8
20
8
16
32
20
12
12
12
12
!CAdapterSteamHTMLSurface004:000000000003E3E4
4
4
4
4
12
8
16
16
8
8
8
8
16
12
12
12
12
16
12
16
16
16
12
12
12
8
8
8
20
8
16
32
20
12
12
12
12
12
!CAdapterSteamUGC001:000000000003E484
32
24
12
20
12
16
16
16
16
16
16
16
16
12
!CAdapterSteamUGC002:000000000003E4C4
32
24
12
20
12
16
16
16
16
16
16
16
16
16
16
12
16
16
16
16
16
16
16
16
20
12
12
4
12
24
28
!CAdapterSteamUGC003:000000000003E564
32
24
12
20
12
16
16
16
16
16
16
16
16
16
16
12
16
16
16
16
16
16
16
16
20
12
12
4
12
28
28
!CAdapterSteamUGC004:000000000003E604
32
24
12
20
12
16
16
16
16
16
16
16
16
16
16
12
16
16
16
16
16
16
16
16
20
12
12
4
12
12
28
20
16
!CAdapterSteamUGC005:000000000003E6A4
32
24
12
12
20
24
24
24
24
16
32
12
16
16
16
16
16
16
16
16
16
16
16
16
16
12
16
16
16
16
16
16
16
16
16
20
16
16
12
12
4
12
12
28
20
16
!CAdapterSteamUGC006:000000000003E764
32
24
12
12
20
24
24
24
24
16
32
12
16
16
16
16
16
16
16
16
16
16
16
16
16
16
12
16
16
16
16
16
16
16
16
16
16
20
16
12
16
16
12
12
4
12
12
28
20
16
!CAdapterSteamUGC007:000000000003E844
32
24
12
12
20
24
24
24
24
16
32
16
36
12
16
16
16
16
16
16
16
16
16
16
16
16
16
16
20
16
12
16
16
16
16
16
16
16
16
16
16
20
16
20
16
12
16
16
12
12
4
12
12
28
20
16
12
8
!CAdapterSteamUGC008:000000000003E944
32
24
12
12
20
24
24
24
24
16
40
16
36
12
16
16
16
16
16
16
16
16
16
16
16
16
16
16
20
16
12
16
16
16
16
16
16
16
16
16
16
20
20
16
20
20
16
16
20
16
12
16
16
12
12
4
12
12
28
20
16
12
8
12
12
4
!CAdapterSteamUGC009:000000000003EA64
32
24
12
12
20
24
24
24
24
16
40
16
36
12
16
16
16
16
16
16
16
16
16
16
16
16
16
16
16
20
16
12
16
16
16
16
16
16
16
16
16
16
20
20
16
20
20
16
16
20
16
12
16
16
12
12
4
12
12
28
20
16
12
8
12
12
4
!CAdapterSteamUGC010:000000000003EB84
32
24
12
12
20
24
24
24
24
16
40
16
36
12
16
16
16
16
16
16
16
16
16
16
16
16
16
16
16
16
20
16
12
16
16
16
16
16
16
16
16
16
16
20
20
16
20
20
16
16
20
16
12
16
16
12
12
4
12
12
28
20
16
12
8
12
12
4
20
20
16
16
12
12
!CAdapterSteamInventory001:000000000003ECC4
8
16
8
16
8
8
16
16
20
20
8
12
16
20
32
28
4
12
40
4
12
20
12
20
!CAdapterSteamInventory002:000000000003ED44
8
16
24
8
16
8
8
16
16
20
20
8
12
16
20
32
28
4
12
40
4
12
20
12
20
16
4
4
16
12
4
24
28
28
32
28
16
!CAdapterSteamVideo001:000000000003EDE4
8
8
!CAdapterSteamVideo002:000000000003EDF4
8
8
8
16
!CAdapterSteamStreamLauncher001:000000000003EE0C
8
4
!CAdapterSteamAppDisableUpdate001:000000000003EE1C
8
!CAdapterSteamClient006:000000000003EE84
4
8
8
8
8
12
16
4
16
12
8
16
12
16
16
16
16
16
16
4
4
!CAdapterSteamClient007:000000000003EEE4
4
8
8
8
12
16
16
12
16
12
16
16
16
16
16
4
4
16
16
16
8
16
!CAdapterSteamClient008:000000000003EF44
4
8
8
12
12
16
16
12
16
12
16
16
16
16
16
16
16
16
4
4
8
!CAdapterSteamClient009:000000000003EFA4
4
8
8
12
12
16
16
12
16
12
16
16
16
16
16
16
16
16
16
4
4
8
!CAdapterSteamClient010:000000000003F004
4
8
8
12
12
16
16
12
16
12
16
16
16
16
16
16
16
16
16
4
4
8
4
16
!CAdapterSteamClient011:000000000003F084
4
8
8
12
12
16
16
12
16
12
16
16
16
16
16
16
16
16
16
16
4
4
8
4
16
!CAdapterSteamClient012:000000000003F104
4
8
8
12
12
16
16
12
16
12
16
16
16
16
16
16
16
16
16
4
4
8
4
16
16
16
16
!CAdapterSteamClient013:000000000003F184
4
8
8
12
12
16
16
12
16
12
16
16
16
16
16
16
16
16
16
4
4
8
4
16
16
16
16
16
16
16
!CAdapterSteamClient014:000000000003F204
4
8
8
12
12
16
16
12
16
12
16
16
16
16
16
16
16
16
16
4
4
8
4
16
16
16
16
16
16
!CAdapterSteamClient015:000000000003F284
4
8
8
12
12
16
16
12
16
12
16
16
16
16
16
16
16
16
16
4
4
8
4
16
16
16
16
16
16
16
!CAdapterSteamClient016:000000000003F304
4
8
8
12
12
16
16
12
16
12
16
16
16
16
16
16
16
16
16
4
4
8
4
16
16
16
16
16
16
16
16
4
4
8
!CAdapterSteamClient017:000000000003F3A4
4
8
8
12
12
16
16
12
16
12
16
16
16
16
16
16
16
16
16
4
4
8
4
16
16
16
16
16
16
16
16
4
4
8
16
16
16
!CSteamControllerProtocolHandlerV1:00000000000348A4
4
4
4
16
12
12
12
16
16
16
+8
+8
4
4
!CSteamControllerProtocolHandlerV2:00000000000348E4
4
4
4
16
12
12
12
16
16
16
+8
+8
4
4
!CSteamUserV004:000000000003A7C4
4
12
4
4
4
4
+8
8
4
4
4
4
4
4
4
8
4
16
20
16
16
36
12
4
4
8
!CSteamUserV005:000000000003A844
4
12
4
4
4
4
+8
8
4
4
4
4
8
16
20
16
16
40
12
4
4
8
4
4
8
8
4
4
4
40
32
4
16
4
8
20
4
4
4
!CSteamUserV006:000000000003A904
4
12
4
4
+8
16
20
16
16
40
12
20
!CSteamUserV007:000000000003A944
4
12
4
4
+8
16
20
16
16
48
12
20
4
!CSteamUserV008:000000000003A984
4
4
+8
48
12
20
4
!CSteamUserV009:000000000003A9C4
4
4
+8
40
12
20
4
!CSteamUserV010:000000000003AA04
4
4
+8
32
12
20
!CSteamUserV011:000000000003AA24
4
4
+8
32
12
20
12
4
4
16
24
!CSteamUserV012:000000000003AA64
4
4
+8
32
12
20
12
4
4
16
24
16
20
12
8
16
!CSteamUserV013:000000000003AAC4
4
4
+8
32
12
20
12
4
4
12
36
24
16
20
12
8
16
4
!CSteamUserV014:000000000003AB24
4
4
+8
32
12
20
12
4
4
12
36
24
16
20
12
8
16
4
20
12
16
!CSteamUserV015:000000000003AB84
4
4
+8
32
12
20
12
4
4
12
36
28
4
16
20
12
8
16
4
20
12
16
!CSteamUserV016:000000000003ABE4
4
4
+8
32
12
20
12
4
4
16
40
28
4
16
20
12
8
16
4
20
12
16
!CSteamUserV017:000000000003AC44
4
4
+8
32
12
20
12
4
4
16
40
28
4
16
20
12
8
16
4
20
12
16
12
4
!CSteamUserV018:000000000003ACC4
4
4
+8
32
12
20
12
4
4
16
40
28
4
16
20
12
8
16
4
20
12
16
12
4
8
!CSteamUserV019:000000000003AD44
4
4
+8
32
12
20
12
4
4
16
40
28
4
16
20
12
8
16
4
20
12
16
12
4
8
4
4
!CSteamUserV020:000000000003ADC4
4
4
+8
32
12
20
12
4
4
16
40
28
4
16
20
12
8
16
4
20
12
16
12
4
8
4
4
4
4
!CSteamFriendsV001:000000000003AE44
4
8
4
8
12
12
12
12
12
24
12
4
4
+12
20
20
16
16
28
24
4
4
12
4
4
24
28
